
--- PAGE 0 ---
  
2012 Census of Agriculture  - County Data 
Alabama 267  
USDA, National Agricultural Statistics Service 
Table 3.   Farm Production Expenses:  2012 and 2007 
 [For meaning of abbreviations and symbols, see introductory text.] 
Item 
Alabama 
Autauga 
Baldwin 
Barbour 
Bibb 
Blount 
Total farm production expenses  .................................. farms, 2012 
 
2007 
 
$1,000, 2012 
 
2007 
        Average per farm ................................................ 
dollars, 2012 
 
2007 
 
    Fertilizer, lime, and soil conditioners 
      purchased  ............................................................. farms, 2012 
 
2007 
 
$1,000, 2012 
 
2007 
    Chemicals purchased  
.............................................. farms, 2012 
 
2007 
 
$1,000, 2012 
 
2007 
    Seeds, plants, vines, and trees purchased .............. farms, 2012 
 
2007 
 
$1,000, 2012 
 
2007 
 
    Livestock and poultry purchased or 
      leased .................................................................... farms, 2012 
 
2007 
 
$1,000, 2012 
 
2007 
        Breeding livestock purchased or 
          leased  
................................................................ farms, 2012 
 
2007 
 
$1,000, 2012 
 
2007 
        Other livestock and poultry purchased or 
          leased  
................................................................ farms, 2012 
 
2007 
 
$1,000, 2012 
 
2007 
    Feed purchased  ...................................................... farms, 2012 
 
2007 
 
$1,000, 2012 
 
2007 
 
    Gasoline, fuels, and oils purchased  ........................ farms, 2012 
 
2007 
 
$1,000, 2012 
 
2007 
    Utilities ..................................................................... farms, 2012 
 
2007 
 
$1,000, 2012 
 
2007 
    Repairs, supplies, and maintenance costs  
.............. farms, 2012 
 
2007 
 
$1,000, 2012 
 
2007 
    Hired farm labor  ...................................................... farms, 2012 
 
2007 
 
$1,000, 2012 
 
2007 
 
    Contract labor  
.......................................................... farms, 2012 
 
2007 
 
$1,000, 2012 
 
2007 
    Customwork and custom hauling  ............................ farms, 2012 
 
2007 
 
$1,000, 2012 
 
2007 
    Cash rent for land, buildings, 
      and grazing fees  
.................................................... farms, 2012 
 
2007 
 
$1,000, 2012 
 
2007 
    Rent and lease expenses for machinery, 
      equipment, and farm share of vehicles .................. farms, 2012 
 
2007 
 
$1,000, 2012 
 
2007 
 
    Interest expense  
...................................................... farms, 2012 
 
2007 
 
$1,000, 2012 
 
2007 
 
        Secured by real estate  ........................................ farms, 2012 
 
2007 
 
$1,000, 2012 
 
2007 
        Not secured by real estate  .................................. farms, 2012 
 
2007 
 
$1,000, 2012 
 
2007 
    Property taxes paid  ................................................. farms, 2012 
 
2007 
 
$1,000, 2012 
 
2007 
 
    All other production expenses (see text)  ................. farms, 2012 
 
2007 
 
$1,000, 2012 
 
2007 
 
Depreciation expenses claimed (see text) ................... farms, 2012 
 
2007 
 
$1,000, 2012 
 
2007 
43,223 
48,753 
4,736,277 
3,922,143 
109,578 
80,449 
 
 
22,361 
27,461 
241,072 
168,838 
20,270 
19,390 
146,534 
84,495 
13,358 
13,866 
141,628 
87,849 
 
 
11,777 
11,619 
751,245 
701,381 
 
6,793 
5,994 
81,263 
56,499 
 
6,491 
7,022 
669,983 
644,882 
29,985 
30,051 
2,195,586 
1,611,020 
 
41,638 
47,750 
179,640 
163,784 
25,817 
21,735 
118,590 
94,692 
34,272 
44,622 
194,117 
188,980 
11,216 
9,541 
225,716 
208,023 
 
4,028 
3,557 
33,643 
24,373 
7,133 
4,715 
53,633 
20,956 
 
9,321 
8,172 
103,461 
67,370 
 
1,802 
1,738 
22,504 
17,709 
 
13,750 
11,714 
145,257 
130,780 
 
10,635 
9,272 
116,675 
101,681 
7,310 
6,707 
28,582 
29,099 
41,152 
44,234 
47,636 
43,059 
 
20,161 
20,733 
136,014 
308,835 
 
18,808 
18,883 
298,061 
249,083 
389 
415 
18,315 
16,602 
47,083 
40,006 
 
 
221 
257 
2,237 
1,472 
192 
190 
1,250 
599 
154 
175 
1,246 
564 
 
 
78 
67 
610 
333 
 
46 
42 
225 
165 
 
41 
33 
385 
168 
203 
220 
3,174 
1,667 
 
378 
410 
1,547 
1,298 
213 
204 
609 
525 
295 
386 
1,537 
1,811 
118 
111 
2,042 
3,618 
 
36 
42 
244 
333 
33 
34 
203 
172 
 
96 
75 
1,121 
782 
 
21 
20 
343 
331 
 
99 
103 
892 
1,100 
 
68 
73 
723 
819 
56 
72 
169 
281 
343 
371 
418 
375 
 
143 
172 
842 
1,623 
 
168 
180 
2,074 
1,849 
989 
1,139 
108,005 
87,337 
109,206 
76,678 
 
 
596 
767 
15,520 
9,046 
581 
560 
12,690 
9,144 
461 
450 
8,912 
4,827 
 
 
191 
169 
3,949 
2,874 
 
98 
97 
638 
646 
 
110 
91 
3,311 
2,228 
518 
571 
6,687 
7,619 
 
950 
1,108 
6,703 
5,361 
651 
509 
2,337 
1,781 
780 
1,039 
9,473 
7,449 
257 
225 
13,867 
16,550 
 
129 
116 
3,129 
1,010 
111 
126 
2,158 
883 
 
195 
193 
5,204 
5,336 
 
34 
61 
1,250 
1,239 
 
290 
267 
4,182 
3,128 
 
196 
201 
2,962 
2,352 
179 
141 
1,220 
777 
949 
1,043 
963 
1,050 
 
455 
466 
10,981 
10,040 
 
403 
407 
8,033 
12,298 
571 
623 
86,281 
64,186 
151,105 
103,028 
 
 
244 
308 
2,325 
2,378 
204 
199 
1,560 
1,096 
145 
167 
1,571 
792 
 
 
108 
90 
19,139 
15,694 
 
58 
40 
1,258 
1,331 
 
71 
55 
17,881 
14,363 
311 
271 
42,490 
25,308 
 
501 
586 
2,810 
2,466 
344 
242 
1,858 
1,637 
415 
548 
2,579 
2,972 
179 
113 
3,847 
2,709 
 
67 
72 
644 
461 
97 
51 
905 
244 
 
103 
79 
1,130 
671 
 
17 
19 
760 
309 
 
192 
157 
2,249 
2,494 
 
147 
126 
1,979 
1,932 
115 
95 
269 
561 
557 
562 
856 
689 
 
206 
225 
1,559 
4,267 
 
259 
236 
4,792 
4,077 
189 
211 
4,078 
2,308 
21,576 
10,939 
 
 
80 
103 
547 
241 
54 
59 
170 
19 
41 
51 
131 
37 
 
 
33 
24 
496 
64 
 
23 
15 
(D) 
50 
 
14 
11 
(D) 
14 
138 
134 
1,121 
538 
 
189 
205 
386 
231 
91 
81 
89 
57 
145 
192 
340 
340 
27 
29 
151 
161 
 
12 
12 
55 
57 
6 
12 
10 
23 
 
35 
23 
70 
49 
 
5 
- 
9 
- 
 
32 
38 
157 
230 
 
22 
24 
139 
199 
16 
24 
18 
31 
181 
193 
180 
108 
 
70 
80 
165 
152 
 
75 
72 
687 
491 
1,241 
1,414 
150,528 
135,684 
121,296 
95,958 
 
 
673 
799 
2,451 
2,438 
663 
658 
1,197 
915 
286 
375 
747 
631 
 
 
405 
443 
20,999 
18,508 
 
213 
206 
1,811 
2,260 
 
257 
291 
19,188 
16,248 
957 
1,005 
95,472 
77,703 
 
1,197 
1,401 
4,543 
4,782 
696 
688 
4,554 
3,551 
978 
1,303 
4,206 
4,297 
295 
308 
4,493 
3,429 
 
106 
87 
724 
439 
193 
131 
1,514 
200 
 
283 
208 
1,223 
878 
 
42 
67 
107 
89 
 
376 
362 
4,175 
4,103 
 
288 
303 
3,441 
3,536 
227 
191 
734 
567 
1,172 
1,312 
1,213 
1,063 
 
628 
687 
2,910 
12,658 
 
547 
652 
9,942 
7,378 
 
--continued 

--- PAGE 1 ---
  
268 Alabama  
2012 Census of Agriculture - County Data  
 
USDA, National Agricultural Statistics Service 
Table 3.   Farm Production Expenses:  2012 and 2007  (continued) 
 [For meaning of abbreviations and symbols, see introductory text.] 
Item 
Bullock 
Butler 
Calhoun 
Chambers 
Cherokee 
Chilton 
Total farm production expenses  .................................. 
farms, 2012 
 
2007 
 
$1,000, 2012 
 
2007 
        Average per farm  
............................................... dollars, 2012 
 
2007 
 
    Fertilizer, lime, and soil conditioners 
      purchased  
.............................................................. 
farms, 2012 
 
2007 
 
$1,000, 2012 
 
2007 
    Chemicals purchased  .............................................. 
farms, 2012 
 
2007 
 
$1,000, 2012 
 
2007 
    Seeds, plants, vines, and trees purchased  
.............. 
farms, 2012 
 
2007 
 
$1,000, 2012 
 
2007 
 
    Livestock and poultry purchased or 
      leased  
.................................................................... 
farms, 2012 
 
2007 
 
$1,000, 2012 
 
2007 
        Breeding livestock purchased or 
          leased  ................................................................ 
farms, 2012 
 
2007 
 
$1,000, 2012 
 
2007 
        Other livestock and poultry purchased or 
          leased  ................................................................ 
farms, 2012 
 
2007 
 
$1,000, 2012 
 
2007 
    Feed purchased  
....................................................... 
farms, 2012 
 
2007 
 
$1,000, 2012 
 
2007 
 
    Gasoline, fuels, and oils purchased  
......................... 
farms, 2012 
 
2007 
 
$1,000, 2012 
 
2007 
    Utilities  
..................................................................... 
farms, 2012 
 
2007 
 
$1,000, 2012 
 
2007 
    Repairs, supplies, and maintenance costs  .............. 
farms, 2012 
 
2007 
 
$1,000, 2012 
 
2007 
    Hired farm labor  
....................................................... 
farms, 2012 
 
2007 
 
$1,000, 2012 
 
2007 
 
    Contract labor  .......................................................... 
farms, 2012 
 
2007 
 
$1,000, 2012 
 
2007 
    Customwork and custom hauling  
............................. 
farms, 2012 
 
2007 
 
$1,000, 2012 
 
2007 
    Cash rent for land, buildings, 
      and grazing fees  .................................................... 
farms, 2012 
 
2007 
 
$1,000, 2012 
 
2007 
    Rent and lease expenses for machinery, 
      equipment, and farm share of vehicles  
.................. 
farms, 2012 
 
2007 
 
$1,000, 2012 
 
2007 
 
    Interest expense  ...................................................... 
farms, 2012 
 
2007 
 
$1,000, 2012 
 
2007 
 
        Secured by real estate  
......................................... 
farms, 2012 
 
2007 
 
$1,000, 2012 
 
2007 
        Not secured by real estate  
................................... 
farms, 2012 
 
2007 
 
$1,000, 2012 
 
2007 
    Property taxes paid  
.................................................. 
farms, 2012 
 
2007 
 
$1,000, 2012 
 
2007 
 
    All other production expenses (see text) .................. 
farms, 2012 
 
2007 
 
$1,000, 2012 
 
2007 
 
Depreciation expenses claimed (see text)  
................... 
farms, 2012 
 
2007 
 
$1,000, 2012 
 
2007 
273 
277 
41,030 
33,039 
150,294 
119,275 
 
 
120 
157 
1,637 
1,210 
102 
99 
861 
920 
86 
88 
3,634 
(D) 
 
 
78 
53 
(D) 
1,485 
 
48 
28 
(D) 
279 
 
39 
30 
1,861 
1,206 
186 
149 
12,106 
6,357 
 
264 
270 
2,712 
2,193 
168 
142 
1,988 
1,968 
220 
256 
2,197 
1,869 
94 
76 
5,965 
5,298 
 
27 
27 
(D) 
187 
41 
37 
220 
381 
 
80 
57 
750 
532 
 
20 
12 
(D) 
(D) 
 
98 
70 
1,591 
1,119 
 
83 
53 
1,189 
754 
40 
42 
402 
365 
252 
255 
834 
586 
 
135 
116 
1,429 
1,888 
 
106 
114 
1,633 
1,704 
407 
490 
92,835 
79,661 
228,095 
162,574 
 
 
204 
260 
1,016 
963 
156 
155 
391 
336 
126 
112 
491 
(D) 
 
 
102 
112 
31,514 
24,133 
 
51 
44 
432 
540 
 
67 
82 
31,082 
23,593 
276 
295 
46,330 
37,120 
 
390 
477 
1,932 
1,913 
229 
180 
1,739 
1,603 
307 
451 
1,817 
2,256 
101 
88 
2,342 
2,115 
 
31 
28 
107 
207 
81 
36 
700 
67 
 
89 
82 
434 
403 
 
14 
7 
31 
(D) 
 
112 
78 
1,916 
1,540 
 
96 
65 
1,568 
1,249 
65 
44 
348 
290 
398 
441 
449 
420 
 
174 
173 
1,625 
5,879 
 
175 
151 
4,528 
2,540 
592 
735 
75,827 
59,991 
128,087 
81,621 
 
 
310 
449 
1,451 
1,621 
285 
298 
492 
569 
206 
245 
1,176 
1,286 
 
 
175 
149 
21,891 
17,693 
 
104 
79 
946 
359 
 
95 
101 
20,945 
17,333 
465 
481 
33,780 
19,573 
 
577 
721 
2,117 
2,124 
376 
355 
1,637 
1,564 
493 
683 
2,242 
2,461 
128 
127 
4,931 
4,886 
 
40 
44 
(D) 
239 
83 
50 
672 
239 
 
113 
87 
659 
600 
 
23 
26 
(D) 
324 
 
130 
149 
1,092 
1,564 
 
98 
124 
806 
1,192 
69 
81 
287 
372 
569 
675 
612 
663 
 
267 
324 
2,503 
4,585 
 
242 
264 
3,394 
2,569 
301 
336 
12,734 
8,221 
42,305 
24,468 
 
 
166 
180 
1,764 
1,217 
141 
122 
308 
144 
102 
86 
263 
261 
 
 
87 
68 
658 
431 
 
62 
48 
588 
276 
 
33 
32 
71 
155 
222 
202 
2,990 
1,853 
 
300 
330 
934 
729 
196 
143 
265 
173 
255 
312 
1,004 
960 
95 
72 
1,934 
759 
 
32 
24 
181 
54 
47 
33 
82 
85 
 
65 
35 
715 
120 
 
7 
7 
13 
21 
 
96 
74 
655 
528 
 
78 
57 
571 
424 
48 
37 
84 
104 
293 
311 
402 
409 
 
143 
122 
565 
479 
 
126 
97 
1,404 
1,003 
561 
654 
98,664 
54,560 
175,871 
83,425 
 
 
305 
396 
7,367 
3,677 
276 
288 
4,339 
2,135 
188 
233 
4,869 
2,441 
 
 
129 
110 
10,420 
4,450 
 
69 
53 
472 
410 
 
84 
63 
9,948 
4,040 
366 
355 
48,911 
20,779 
 
535 
641 
3,140 
2,246 
334 
252 
1,571 
1,161 
438 
606 
2,927 
2,628 
131 
100 
6,097 
4,886 
 
30 
46 
204 
209 
88 
71 
950 
225 
 
120 
123 
1,574 
792 
 
28 
28 
54 
117 
 
212 
178 
3,063 
1,991 
 
171 
149 
2,586 
1,520 
99 
109 
477 
472 
547 
596 
959 
741 
 
261 
269 
2,218 
6,082 
 
261 
279 
4,325 
3,136 
543 
645 
16,646 
15,146 
30,655 
23,481 
 
 
309 
394 
1,219 
1,733 
273 
273 
426 
567 
192 
183 
486 
479 
 
 
122 
91 
1,733 
1,045 
 
87 
65 
392 
(D) 
 
55 
34 
1,341 
(D) 
359 
385 
2,648 
2,198 
 
530 
631 
1,311 
1,353 
307 
270 
526 
630 
453 
593 
1,327 
1,703 
127 
116 
2,700 
1,997 
 
47 
41 
593 
520 
51 
50 
243 
130 
 
116 
113 
991 
324 
 
18 
19 
38 
71 
 
172 
135 
1,135 
1,300 
 
149 
101 
928 
860 
87 
88 
207 
440 
512 
582 
495 
477 
 
239 
267 
777 
617 
 
226 
245 
2,241 
2,014 
 
--continued 

--- PAGE 2 ---
  
2012 Census of Agriculture  - County Data 
Alabama 269  
USDA, National Agricultural Statistics Service 
Table 3.   Farm Production Expenses:  2012 and 2007  (continued) 
 [For meaning of abbreviations and symbols, see introductory text.] 
Item 
Choctaw 
Clarke 
Clay 
Cleburne 
Coffee 
Colbert 
Conecuh 
Total farm production expenses  .................................. farms, 2012 
 
2007 
 
$1,000, 2012 
 
2007 
        Average per farm ................................................dollars, 2012 
 
2007 
 
    Fertilizer, lime, and soil conditioners 
      purchased  ............................................................. farms, 2012 
 
2007 
 
$1,000, 2012 
 
2007 
    Chemicals purchased  
.............................................. farms, 2012 
 
2007 
 
$1,000, 2012 
 
2007 
    Seeds, plants, vines, and trees purchased .............. farms, 2012 
 
2007 
 
$1,000, 2012 
 
2007 
 
    Livestock and poultry purchased or 
      leased .................................................................... farms, 2012 
 
2007 
 
$1,000, 2012 
 
2007 
        Breeding livestock purchased or 
          leased  
................................................................ farms, 2012 
 
2007 
 
$1,000, 2012 
 
2007 
        Other livestock and poultry purchased or 
          leased  
................................................................ farms, 2012 
 
2007 
 
$1,000, 2012 
 
2007 
    Feed purchased  ...................................................... farms, 2012 
 
2007 
 
$1,000, 2012 
 
2007 
 
    Gasoline, fuels, and oils purchased  ........................ farms, 2012 
 
2007 
 
$1,000, 2012 
 
2007 
    Utilities ..................................................................... farms, 2012 
 
2007 
 
$1,000, 2012 
 
2007 
    Repairs, supplies, and maintenance costs  
.............. farms, 2012 
 
2007 
 
$1,000, 2012 
 
2007 
    Hired farm labor  ...................................................... farms, 2012 
 
2007 
 
$1,000, 2012 
 
2007 
 
    Contract labor  
.......................................................... farms, 2012 
 
2007 
 
$1,000, 2012 
 
2007 
    Customwork and custom hauling  ............................ farms, 2012 
 
2007 
 
$1,000, 2012 
 
2007 
    Cash rent for land, buildings, 
      and grazing fees  
.................................................... farms, 2012 
 
2007 
 
$1,000, 2012 
 
2007 
    Rent and lease expenses for machinery, 
      equipment, and farm share of vehicles .................. farms, 2012 
 
2007 
 
$1,000, 2012 
 
2007 
 
    Interest expense  
...................................................... farms, 2012 
 
2007 
 
$1,000, 2012 
 
2007 
 
        Secured by real estate  ........................................ farms, 2012 
 
2007 
 
$1,000, 2012 
 
2007 
        Not secured by real estate  .................................. farms, 2012 
 
2007 
 
$1,000, 2012 
 
2007 
    Property taxes paid  ................................................. farms, 2012 
 
2007 
 
$1,000, 2012 
 
2007 
 
    All other production expenses (see text)  ................. farms, 2012 
 
2007 
 
$1,000, 2012 
 
2007 
 
Depreciation expenses claimed (see text) ................... farms, 2012 
 
2007 
 
$1,000, 2012 
 
2007 
248 
264 
6,606 
10,452 
26,635 
39,593 
 
 
144 
156 
333 
354 
88 
68 
129 
119 
91 
68 
202 
64 
 
 
54 
46 
662 
1,265 
 
24 
21 
61 
37 
 
37 
32 
601 
1,228 
177 
183 
3,180 
5,469 
 
233 
258 
377 
395 
126 
94 
151 
165 
195 
237 
315 
750 
49 
42 
123 
227 
 
21 
16 
60 
43 
12 
19 
42 
19 
 
49 
27 
439 
163 
 
7 
7 
23 
43 
 
56 
51 
259 
320 
 
44 
36 
210 
269 
30 
32 
49 
51 
239 
236 
173 
211 
 
81 
97 
137 
846 
 
103 
67 
562 
537 
263 
321 
4,141 
3,798 
15,743 
11,832 
 
 
161 
211 
546 
541 
110 
109 
134 
91 
98 
97 
128 
137 
 
 
68 
43 
261 
122 
 
40 
24 
108 
74 
 
49 
25 
153 
48 
210 
203 
1,018 
741 
 
255 
317 
387 
390 
166 
116 
168 
134 
213 
297 
344 
561 
42 
56 
254 
105 
 
7 
17 
26 
33 
18 
20 
20 
31 
 
64 
36 
178 
70 
 
9 
16 
8 
51 
 
46 
46 
340 
276 
 
34 
33 
324 
224 
19 
30 
16 
52 
244 
289 
185 
356 
 
80 
104 
143 
158 
 
74 
81 
484 
372 
401 
432 
49,377 
28,479 
123,135 
65,924 
 
 
218 
260 
718 
722 
192 
161 
168 
108 
132 
111 
173 
78 
 
 
140 
122 
7,697 
(D) 
 
92 
81 
608 
(D) 
 
70 
61 
7,089 
3,129 
324 
323 
32,696 
16,470 
 
395 
428 
1,366 
1,127 
228 
189 
852 
593 
310 
409 
1,016 
986 
100 
73 
756 
(D) 
 
34 
34 
69 
95 
62 
31 
463 
37 
 
81 
57 
990 
225 
 
17 
11 
10 
25 
 
119 
113 
1,304 
1,192 
 
88 
84 
1,159 
957 
64 
68 
145 
235 
389 
407 
365 
327 
 
179 
182 
735 
2,546 
 
191 
180 
3,070 
2,469 
341 
380 
69,643 
54,397 
204,232 
143,151 
 
 
190 
231 
671 
647 
197 
172 
221 
174 
115 
105 
285 
188 
 
 
130 
132 
16,329 
12,182 
 
69 
60 
827 
605 
 
80 
90 
15,502 
11,577 
263 
284 
40,885 
29,144 
 
329 
378 
1,574 
1,387 
213 
172 
1,582 
916 
304 
353 
1,656 
1,092 
101 
91 
2,763 
2,388 
 
36 
27 
137 
121 
83 
45 
638 
69 
 
53 
43 
169 
137 
 
9 
17 
5 
11 
 
127 
96 
1,083 
903 
 
98 
80 
898 
721 
68 
40 
185 
183 
333 
361 
404 
373 
 
170 
182 
1,241 
4,665 
 
162 
158 
2,241 
1,761 
899 
971 
207,202 
165,987 
230,480 
170,945 
 
 
458 
474 
6,486 
4,140 
406 
364 
4,443 
2,739 
311 
292 
4,079 
2,135 
 
 
220 
226 
44,773 
35,994 
 
113 
96 
1,944 
2,446 
 
138 
155 
42,829 
33,548 
479 
451 
105,327 
82,009 
 
832 
948 
6,419 
4,859 
592 
422 
4,495 
2,808 
691 
887 
6,317 
4,423 
263 
148 
6,800 
4,585 
 
115 
91 
1,548 
801 
224 
95 
2,440 
822 
 
192 
140 
1,945 
2,086 
 
31 
31 
207 
297 
 
359 
262 
5,738 
3,773 
 
309 
221 
4,790 
2,812 
192 
146 
948 
961 
864 
882 
1,235 
963 
 
422 
371 
4,950 
13,554 
 
425 
379 
9,709 
7,205 
687 
736 
66,896 
41,167 
97,375 
55,934 
 
 
332 
371 
11,282 
3,478 
324 
267 
5,329 
1,937 
188 
200 
5,254 
1,544 
 
 
170 
163 
3,507 
4,142 
 
92 
87 
462 
429 
 
111 
109 
3,045 
3,714 
456 
425 
17,276 
15,919 
 
668 
723 
3,520 
2,399 
422 
294 
1,189 
872 
540 
682 
3,692 
2,056 
193 
137 
3,064 
1,856 
 
66 
42 
736 
148 
104 
55 
845 
203 
 
158 
124 
3,142 
798 
 
34 
21 
1,959 
176 
 
208 
161 
2,844 
1,756 
 
159 
141 
2,048 
1,239 
113 
89 
796 
517 
640 
657 
1,129 
667 
 
314 
272 
2,128 
3,216 
 
269 
265 
6,229 
3,714 
346 
401 
15,385 
9,509 
44,466 
23,714 
 
 
205 
243 
1,594 
1,533 
155 
135 
999 
288 
147 
134 
1,012 
411 
 
 
62 
84 
1,020 
834 
 
43 
64 
329 
207 
 
27 
30 
692 
627 
196 
229 
4,928 
2,218 
 
331 
395 
1,047 
818 
202 
172 
349 
284 
259 
380 
931 
960 
81 
67 
619 
518 
 
36 
30 
130 
77 
41 
42 
203 
132 
 
100 
73 
345 
220 
 
18 
8 
43 
7 
 
97 
63 
1,042 
335 
 
70 
45 
767 
174 
60 
35 
275 
161 
328 
369 
378 
329 
 
148 
158 
744 
544 
 
126 
132 
1,456 
1,153 
 
--continued 

--- PAGE 3 ---
  
270 Alabama  
2012 Census of Agriculture - County Data  
 
USDA, National Agricultural Statistics Service 
Table 3.   Farm Production Expenses:  2012 and 2007  (continued) 
 [For meaning of abbreviations and symbols, see introductory text.] 
Item 
Coosa 
Covington 
Crenshaw 
Cullman 
Dale 
Dallas 
DeKalb 
Total farm production expenses  .................................. 
farms, 2012 
 
2007 
 
$1,000, 2012 
 
2007 
        Average per farm  
............................................... dollars, 2012 
 
2007 
 
    Fertilizer, lime, and soil conditioners 
      purchased  
.............................................................. 
farms, 2012 
 
2007 
 
$1,000, 2012 
 
2007 
    Chemicals purchased  .............................................. 
farms, 2012 
 
2007 
 
$1,000, 2012 
 
2007 
    Seeds, plants, vines, and trees purchased  
.............. 
farms, 2012 
 
2007 
 
$1,000, 2012 
 
2007 
 
    Livestock and poultry purchased or 
      leased  
.................................................................... 
farms, 2012 
 
2007 
 
$1,000, 2012 
 
2007 
        Breeding livestock purchased or 
          leased  ................................................................ 
farms, 2012 
 
2007 
 
$1,000, 2012 
 
2007 
        Other livestock and poultry purchased or 
          leased  ................................................................ 
farms, 2012 
 
2007 
 
$1,000, 2012 
 
2007 
    Feed purchased  
....................................................... 
farms, 2012 
 
2007 
 
$1,000, 2012 
 
2007 
 
    Gasoline, fuels, and oils purchased  
......................... 
farms, 2012 
 
2007 
 
$1,000, 2012 
 
2007 
    Utilities  
..................................................................... 
farms, 2012 
 
2007 
 
$1,000, 2012 
 
2007 
    Repairs, supplies, and maintenance costs  .............. 
farms, 2012 
 
2007 
 
$1,000, 2012 
 
2007 
    Hired farm labor  
....................................................... 
farms, 2012 
 
2007 
 
$1,000, 2012 
 
2007 
 
    Contract labor  .......................................................... 
farms, 2012 
 
2007 
 
$1,000, 2012 
 
2007 
    Customwork and custom hauling  
............................. 
farms, 2012 
 
2007 
 
$1,000, 2012 
 
2007 
    Cash rent for land, buildings, 
      and grazing fees  .................................................... 
farms, 2012 
 
2007 
 
$1,000, 2012 
 
2007 
    Rent and lease expenses for machinery, 
      equipment, and farm share of vehicles  
.................. 
farms, 2012 
 
2007 
 
$1,000, 2012 
 
2007 
 
    Interest expense  ...................................................... 
farms, 2012 
 
2007 
 
$1,000, 2012 
 
2007 
 
        Secured by real estate  
......................................... 
farms, 2012 
 
2007 
 
$1,000, 2012 
 
2007 
        Not secured by real estate  
................................... 
farms, 2012 
 
2007 
 
$1,000, 2012 
 
2007 
    Property taxes paid  
.................................................. 
farms, 2012 
 
2007 
 
$1,000, 2012 
 
2007 
 
    All other production expenses (see text) .................. 
farms, 2012 
 
2007 
 
$1,000, 2012 
 
2007 
 
Depreciation expenses claimed (see text)  
................... 
farms, 2012 
 
2007 
 
$1,000, 2012 
 
2007 
152 
207 
2,595 
2,561 
17,069 
12,371 
 
 
53 
91 
159 
219 
44 
50 
45 
38 
30 
42 
14 
(D) 
 
 
36 
44 
228 
307 
 
23 
27 
70 
58 
 
17 
20 
158 
249 
113 
130 
482 
440 
 
149 
204 
257 
281 
75 
72 
136 
55 
122 
195 
286 
412 
34 
27 
326 
69 
 
16 
8 
47 
13 
12 
5 
14 
3 
 
25 
27 
115 
89 
 
3 
1 
1 
(D) 
 
32 
49 
215 
349 
 
24 
37 
191 
308 
14 
36 
24 
41 
146 
181 
191 
164 
 
54 
66 
78 
91 
 
51 
85 
311 
695 
1,051 
1,096 
103,818 
80,429 
98,780 
73,384 
 
 
538 
544 
5,911 
4,227 
476 
424 
3,222 
2,156 
359 
337 
3,491 
1,881 
 
 
246 
219 
10,983 
13,164 
 
168 
107 
5,159 
2,606 
 
93 
125 
5,825 
10,558 
624 
533 
54,865 
33,338 
 
980 
1,074 
3,765 
3,235 
619 
424 
2,418 
1,799 
792 
1,012 
4,073 
3,832 
238 
170 
4,156 
2,505 
 
120 
82 
774 
607 
155 
110 
1,201 
1,207 
 
151 
143 
1,846 
1,803 
 
39 
25 
107 
495 
 
352 
264 
3,041 
3,320 
 
275 
217 
2,514 
2,351 
170 
157 
527 
968 
1,009 
978 
1,009 
839 
 
455 
390 
2,955 
6,020 
 
504 
348 
7,755 
5,270 
575 
638 
115,545 
92,436 
200,948 
144,884 
 
 
248 
286 
1,739 
1,127 
226 
214 
548 
252 
181 
168 
621 
347 
 
 
166 
160 
16,967 
13,395 
 
88 
75 
1,616 
755 
 
104 
103 
15,351 
12,640 
367 
348 
78,273 
56,198 
 
534 
628 
2,828 
2,865 
338 
289 
2,348 
1,841 
436 
581 
2,473 
2,944 
152 
109 
1,334 
959 
 
54 
36 
356 
259 
142 
50 
1,341 
318 
 
135 
106 
1,282 
562 
 
33 
12 
249 
10 
 
192 
148 
2,884 
2,091 
 
160 
125 
2,621 
1,719 
107 
88 
263 
372 
552 
590 
672 
648 
 
287 
240 
1,632 
8,618 
 
275 
211 
5,660 
3,655 
2,007 
2,465 
346,948 
338,851 
172,869 
137,465 
 
 
1,081 
1,463 
4,504 
4,814 
1,211 
1,294 
1,835 
1,349 
523 
609 
1,588 
1,292 
 
 
799 
900 
65,481 
72,339 
 
438 
369 
10,360 
5,355 
 
449 
629 
55,121 
66,984 
1,670 
1,831 
218,744 
179,309 
 
1,995 
2,405 
7,630 
9,553 
1,325 
1,300 
9,107 
8,396 
1,712 
2,256 
8,647 
10,038 
559 
581 
8,275 
8,557 
 
193 
234 
1,150 
1,337 
492 
257 
2,972 
938 
 
465 
462 
1,856 
1,893 
 
89 
90 
615 
672 
 
776 
688 
7,601 
6,813 
 
633 
572 
6,253 
5,814 
386 
383 
1,348 
999 
1,931 
2,260 
1,724 
1,782 
 
1,186 
1,347 
5,220 
29,770 
 
1,108 
1,019 
15,851 
13,396 
487 
528 
91,584 
66,362 
188,058 
125,685 
 
 
211 
281 
3,369 
2,411 
218 
229 
3,164 
1,693 
166 
160 
1,961 
1,167 
 
 
127 
128 
11,100 
8,036 
 
69 
70 
1,636 
828 
 
77 
88 
9,464 
7,208 
259 
265 
54,878 
34,747 
 
467 
514 
2,723 
2,362 
289 
239 
1,801 
1,170 
380 
480 
2,252 
2,464 
143 
121 
1,866 
1,284 
 
66 
54 
216 
172 
89 
55 
888 
246 
 
103 
101 
2,056 
1,508 
 
18 
18 
102 
94 
 
174 
155 
3,079 
2,581 
 
148 
125 
2,692 
2,236 
85 
73 
387 
346 
459 
482 
527 
473 
 
228 
231 
1,601 
5,954 
 
239 
230 
6,366 
3,802 
506 
555 
59,562 
43,402 
117,711 
78,201 
 
 
231 
254 
4,564 
2,432 
203 
190 
2,521 
1,850 
156 
169 
3,124 
1,613 
 
 
114 
90 
4,244 
4,154 
 
70 
61 
671 
377 
 
52 
34 
3,574 
3,777 
308 
283 
18,345 
11,956 
 
480 
535 
3,339 
2,659 
312 
245 
2,519 
2,119 
410 
491 
3,261 
3,369 
189 
150 
7,323 
5,517 
 
48 
48 
800 
567 
59 
47 
890 
331 
 
179 
145 
2,361 
1,403 
 
47 
46 
1,211 
860 
 
149 
126 
2,559 
2,305 
 
103 
93 
2,019 
1,658 
87 
86 
540 
647 
458 
477 
801 
778 
 
227 
217 
1,700 
1,488 
 
191 
184 
5,179 
5,181 
2,035 
2,426 
394,777 
340,185 
193,994 
140,225 
 
 
1,088 
1,406 
5,760 
5,683 
1,076 
1,186 
2,465 
1,739 
454 
519 
2,266 
1,655 
 
 
774 
820 
104,405 
92,183 
 
419 
385 
9,123 
6,309 
 
456 
521 
95,282 
85,874 
1,638 
1,723 
212,044 
158,873 
 
1,988 
2,398 
10,396 
10,412 
1,304 
1,210 
9,587 
7,747 
1,661 
2,271 
11,095 
11,205 
604 
550 
11,440 
9,315 
 
229 
176 
1,187 
939 
530 
256 
4,146 
910 
 
496 
414 
2,529 
1,736 
 
99 
97 
263 
790 
 
775 
718 
8,182 
7,652 
 
616 
596 
6,925 
6,596 
427 
406 
1,257 
1,056 
1,962 
2,233 
2,359 
2,008 
 
1,062 
1,146 
6,653 
27,335 
 
1,021 
979 
16,467 
15,922 
 
--continued 

--- PAGE 4 ---
  
2012 Census of Agriculture  - County Data 
Alabama 271  
USDA, National Agricultural Statistics Service 
Table 3.   Farm Production Expenses:  2012 and 2007  (continued) 
 [For meaning of abbreviations and symbols, see introductory text.] 
Item 
Elmore 
Escambia 
Etowah 
Fayette 
Franklin 
Geneva 
Greene 
Total farm production expenses  .................................. farms, 2012 
 
2007 
 
$1,000, 2012 
 
2007 
        Average per farm ................................................dollars, 2012 
 
2007 
 
    Fertilizer, lime, and soil conditioners 
      purchased  ............................................................. farms, 2012 
 
2007 
 
$1,000, 2012 
 
2007 
    Chemicals purchased  
.............................................. farms, 2012 
 
2007 
 
$1,000, 2012 
 
2007 
    Seeds, plants, vines, and trees purchased .............. farms, 2012 
 
2007 
 
$1,000, 2012 
 
2007 
 
    Livestock and poultry purchased or 
      leased .................................................................... farms, 2012 
 
2007 
 
$1,000, 2012 
 
2007 
        Breeding livestock purchased or 
          leased  
................................................................ farms, 2012 
 
2007 
 
$1,000, 2012 
 
2007 
        Other livestock and poultry purchased or 
          leased  
................................................................ farms, 2012 
 
2007 
 
$1,000, 2012 
 
2007 
    Feed purchased  ...................................................... farms, 2012 
 
2007 
 
$1,000, 2012 
 
2007 
 
    Gasoline, fuels, and oils purchased  ........................ farms, 2012 
 
2007 
 
$1,000, 2012 
 
2007 
    Utilities ..................................................................... farms, 2012 
 
2007 
 
$1,000, 2012 
 
2007 
    Repairs, supplies, and maintenance costs  
.............. farms, 2012 
 
2007 
 
$1,000, 2012 
 
2007 
    Hired farm labor  ...................................................... farms, 2012 
 
2007 
 
$1,000, 2012 
 
2007 
 
    Contract labor  
.......................................................... farms, 2012 
 
2007 
 
$1,000, 2012 
 
2007 
    Customwork and custom hauling  ............................ farms, 2012 
 
2007 
 
$1,000, 2012 
 
2007 
    Cash rent for land, buildings, 
      and grazing fees  
.................................................... farms, 2012 
 
2007 
 
$1,000, 2012 
 
2007 
    Rent and lease expenses for machinery, 
      equipment, and farm share of vehicles .................. farms, 2012 
 
2007 
 
$1,000, 2012 
 
2007 
 
    Interest expense  
...................................................... farms, 2012 
 
2007 
 
$1,000, 2012 
 
2007 
 
        Secured by real estate  ........................................ farms, 2012 
 
2007 
 
$1,000, 2012 
 
2007 
        Not secured by real estate  .................................. farms, 2012 
 
2007 
 
$1,000, 2012 
 
2007 
    Property taxes paid  ................................................. farms, 2012 
 
2007 
 
$1,000, 2012 
 
2007 
 
    All other production expenses (see text)  ................. farms, 2012 
 
2007 
 
$1,000, 2012 
 
2007 
 
Depreciation expenses claimed (see text) ................... farms, 2012 
 
2007 
 
$1,000, 2012 
 
2007 
552 
626 
23,720 
18,997 
42,971 
30,347 
 
 
263 
328 
2,527 
2,546 
231 
240 
1,302 
1,059 
178 
173 
1,794 
1,575 
 
 
119 
97 
1,038 
773 
 
56 
54 
285 
327 
 
73 
49 
752 
446 
384 
416 
4,846 
2,224 
 
533 
605 
1,813 
1,754 
297 
300 
555 
611 
398 
571 
1,594 
1,633 
138 
116 
2,777 
2,231 
 
42 
18 
297 
81 
72 
70 
404 
304 
 
115 
114 
855 
781 
 
25 
33 
173 
138 
 
150 
154 
1,164 
1,463 
 
128 
112 
952 
769 
65 
94 
211 
694 
521 
558 
677 
519 
 
248 
250 
1,904 
1,307 
 
222 
260 
2,600 
2,106 
454 
502 
32,032 
27,049 
70,555 
53,883 
 
 
261 
318 
5,323 
4,017 
230 
227 
5,234 
3,981 
211 
204 
4,002 
2,551 
 
 
84 
95 
(D) 
1,096 
 
51 
51 
207 
398 
 
49 
57 
(D) 
698 
251 
254 
1,940 
998 
 
427 
490 
2,301 
2,312 
271 
236 
550 
424 
349 
446 
2,176 
2,453 
118 
77 
1,818 
2,072 
 
33 
40 
258 
153 
57 
68 
483 
1,166 
 
116 
121 
2,922 
2,192 
 
25 
14 
(D) 
562 
 
111 
119 
1,962 
1,369 
 
80 
84 
1,506 
927 
83 
90 
456 
443 
429 
435 
622 
465 
 
176 
207 
1,125 
1,238 
 
157 
165 
4,380 
3,663 
853 
1,004 
75,329 
58,227 
88,311 
57,995 
 
 
478 
619 
1,922 
1,522 
448 
431 
672 
610 
209 
240 
601 
538 
 
 
271 
268 
9,898 
7,283 
 
153 
142 
1,549 
449 
 
148 
150 
8,348 
6,834 
675 
710 
48,123 
32,065 
 
841 
993 
2,028 
2,238 
528 
457 
1,689 
1,435 
678 
927 
2,428 
2,398 
195 
171 
1,272 
1,018 
 
76 
56 
277 
331 
140 
73 
718 
121 
 
123 
122 
310 
383 
 
34 
44 
1,040 
129 
 
279 
251 
2,340 
2,254 
 
225 
201 
1,902 
1,960 
124 
135 
438 
294 
822 
933 
807 
764 
 
413 
415 
1,204 
5,138 
 
381 
447 
5,792 
3,826 
414 
401 
29,179 
13,564 
70,481 
33,826 
 
 
222 
252 
1,535 
1,215 
177 
164 
730 
206 
147 
114 
729 
375 
 
 
84 
89 
2,862 
1,230 
 
50 
66 
238 
226 
 
44 
39 
2,624 
1,005 
238 
218 
15,188 
5,532 
 
384 
397 
1,245 
780 
211 
151 
457 
248 
319 
374 
1,118 
1,000 
64 
56 
1,005 
598 
 
26 
15 
158 
103 
38 
39 
340 
134 
 
103 
79 
1,596 
327 
 
15 
8 
35 
16 
 
99 
60 
576 
634 
 
64 
46 
431 
516 
60 
36 
145 
118 
387 
364 
314 
244 
 
127 
115 
1,293 
923 
 
126 
140 
2,013 
919 
825 
958 
117,268 
110,633 
142,144 
115,484 
 
 
447 
555 
2,416 
1,448 
391 
333 
702 
208 
197 
249 
981 
192 
 
 
255 
300 
30,167 
25,323 
 
140 
125 
1,920 
804 
 
148 
207 
28,247 
24,519 
653 
704 
60,357 
58,410 
 
803 
948 
2,731 
3,130 
465 
421 
3,302 
3,069 
679 
902 
5,237 
3,206 
200 
203 
2,873 
1,777 
 
98 
65 
564 
259 
151 
92 
937 
188 
 
159 
149 
1,728 
499 
 
31 
34 
201 
309 
 
268 
250 
2,649 
2,420 
 
221 
190 
2,346 
2,098 
133 
129 
302 
322 
805 
881 
712 
620 
 
398 
425 
1,714 
9,575 
 
405 
357 
5,120 
4,160 
1,017 
1,108 
142,611 
111,224 
140,227 
100,383 
 
 
469 
530 
7,775 
4,427 
441 
410 
6,250 
3,128 
326 
335 
5,227 
2,671 
 
 
234 
249 
18,919 
19,609 
 
118 
132 
1,558 
1,403 
 
131 
158 
17,361 
18,206 
525 
494 
70,992 
49,953 
 
948 
1,070 
4,740 
4,333 
645 
440 
3,234 
2,351 
776 
987 
5,781 
4,396 
281 
190 
4,533 
3,617 
 
120 
85 
961 
685 
234 
116 
1,625 
607 
 
184 
157 
2,360 
1,604 
 
35 
14 
277 
323 
 
374 
252 
4,320 
3,681 
 
314 
208 
3,269 
2,799 
187 
144 
1,051 
882 
982 
1,015 
1,203 
902 
 
482 
439 
4,415 
8,935 
 
503 
381 
11,598 
5,718 
304 
316 
19,768 
24,314 
65,026 
76,942 
 
 
139 
168 
425 
628 
119 
106 
352 
165 
101 
84 
354 
292 
 
 
60 
78 
1,177 
3,648 
 
34 
32 
199 
299 
 
33 
52 
978 
3,349 
199 
184 
8,234 
8,405 
 
297 
309 
1,169 
1,022 
181 
138 
1,295 
1,115 
247 
296 
1,578 
2,204 
99 
78 
1,728 
2,218 
 
39 
18 
219 
112 
33 
37 
242 
164 
 
70 
75 
415 
657 
 
15 
15 
83 
75 
 
105 
80 
1,101 
2,182 
 
83 
57 
816 
1,895 
58 
47 
285 
287 
278 
257 
351 
392 
 
123 
124 
1,046 
1,035 
 
124 
128 
1,747 
1,911 
 
--continued 

--- PAGE 5 ---
  
272 Alabama  
2012 Census of Agriculture - County Data  
 
USDA, National Agricultural Statistics Service 
Table 3.   Farm Production Expenses:  2012 and 2007  (continued) 
 [For meaning of abbreviations and symbols, see introductory text.] 
Item 
Hale 
Henry 
Houston 
Jackson 
Jefferson 
Lamar 
Lauderdale 
Total farm production expenses  .................................. 
farms, 2012 
 
2007 
 
$1,000, 2012 
 
2007 
        Average per farm  
............................................... dollars, 2012 
 
2007 
 
    Fertilizer, lime, and soil conditioners 
      purchased  
.............................................................. 
farms, 2012 
 
2007 
 
$1,000, 2012 
 
2007 
    Chemicals purchased  .............................................. 
farms, 2012 
 
2007 
 
$1,000, 2012 
 
2007 
    Seeds, plants, vines, and trees purchased  
.............. 
farms, 2012 
 
2007 
 
$1,000, 2012 
 
2007 
 
    Livestock and poultry purchased or 
      leased  
.................................................................... 
farms, 2012 
 
2007 
 
$1,000, 2012 
 
2007 
        Breeding livestock purchased or 
          leased  ................................................................ 
farms, 2012 
 
2007 
 
$1,000, 2012 
 
2007 
        Other livestock and poultry purchased or 
          leased  ................................................................ 
farms, 2012 
 
2007 
 
$1,000, 2012 
 
2007 
    Feed purchased  
....................................................... 
farms, 2012 
 
2007 
 
$1,000, 2012 
 
2007 
 
    Gasoline, fuels, and oils purchased  
......................... 
farms, 2012 
 
2007 
 
$1,000, 2012 
 
2007 
    Utilities  
..................................................................... 
farms, 2012 
 
2007 
 
$1,000, 2012 
 
2007 
    Repairs, supplies, and maintenance costs  .............. 
farms, 2012 
 
2007 
 
$1,000, 2012 
 
2007 
    Hired farm labor  
....................................................... 
farms, 2012 
 
2007 
 
$1,000, 2012 
 
2007 
 
    Contract labor  .......................................................... 
farms, 2012 
 
2007 
 
$1,000, 2012 
 
2007 
    Customwork and custom hauling  
............................. 
farms, 2012 
 
2007 
 
$1,000, 2012 
 
2007 
    Cash rent for land, buildings, 
      and grazing fees  .................................................... 
farms, 2012 
 
2007 
 
$1,000, 2012 
 
2007 
    Rent and lease expenses for machinery, 
      equipment, and farm share of vehicles  
.................. 
farms, 2012 
 
2007 
 
$1,000, 2012 
 
2007 
 
    Interest expense  ...................................................... 
farms, 2012 
 
2007 
 
$1,000, 2012 
 
2007 
 
        Secured by real estate  
......................................... 
farms, 2012 
 
2007 
 
$1,000, 2012 
 
2007 
        Not secured by real estate  
................................... 
farms, 2012 
 
2007 
 
$1,000, 2012 
 
2007 
    Property taxes paid  
.................................................. 
farms, 2012 
 
2007 
 
$1,000, 2012 
 
2007 
 
    All other production expenses (see text) .................. 
farms, 2012 
 
2007 
 
$1,000, 2012 
 
2007 
 
Depreciation expenses claimed (see text)  
................... 
farms, 2012 
 
2007 
 
$1,000, 2012 
 
2007 
456 
479 
51,693 
53,126 
113,362 
110,909 
 
 
202 
210 
900 
1,433 
174 
145 
590 
708 
134 
119 
427 
480 
 
 
92 
103 
7,135 
6,562 
 
52 
59 
1,607 
988 
 
49 
59 
5,528 
5,573 
321 
263 
22,219 
20,407 
 
437 
458 
2,211 
2,680 
268 
206 
2,010 
2,448 
370 
420 
3,221 
4,103 
158 
126 
4,996 
5,722 
 
49 
66 
542 
1,429 
66 
68 
537 
736 
 
129 
110 
1,136 
1,043 
 
14 
26 
158 
142 
 
187 
126 
2,303 
2,063 
 
141 
104 
1,750 
1,410 
103 
67 
553 
653 
425 
438 
654 
564 
 
209 
213 
2,653 
2,606 
 
204 
181 
3,661 
4,194 
498 
478 
62,822 
42,334 
126,148 
88,565 
 
 
284 
276 
6,480 
3,324 
254 
210 
5,610 
2,379 
224 
196 
5,020 
2,304 
 
 
102 
92 
4,274 
2,673 
 
72 
71 
923 
236 
 
41 
31 
3,350 
2,437 
251 
226 
19,703 
12,198 
 
459 
464 
3,898 
2,791 
310 
212 
1,472 
688 
389 
430 
3,486 
3,095 
141 
94 
3,228 
2,718 
 
50 
36 
500 
254 
105 
56 
835 
325 
 
146 
122 
3,238 
3,623 
 
25 
24 
246 
168 
 
209 
129 
2,328 
1,790 
 
162 
104 
1,590 
1,217 
105 
79 
738 
573 
456 
436 
618 
571 
 
218 
233 
1,887 
3,434 
 
252 
209 
4,881 
3,859 
816 
841 
81,419 
59,771 
99,778 
71,071 
 
 
455 
502 
12,979 
7,492 
395 
378 
8,026 
5,770 
317 
344 
7,593 
4,677 
 
 
133 
140 
(D) 
(D) 
 
77 
90 
490 
(D) 
 
70 
64 
(D) 
(D) 
402 
398 
6,388 
6,363 
 
751 
824 
4,905 
4,426 
475 
386 
1,620 
1,071 
621 
770 
5,052 
5,331 
231 
168 
4,715 
4,131 
 
83 
72 
1,579 
803 
117 
96 
1,305 
806 
 
232 
209 
5,700 
3,558 
 
18 
33 
(D) 
(D) 
 
310 
215 
4,056 
2,515 
 
211 
148 
2,582 
1,631 
170 
142 
1,474 
885 
767 
742 
807 
629 
 
325 
341 
3,707 
2,868 
 
343 
293 
7,424 
5,389 
1,376 
1,523 
96,495 
90,399 
70,127 
59,356 
 
 
698 
914 
6,731 
5,783 
619 
600 
3,115 
1,961 
388 
411 
3,692 
2,192 
 
 
414 
361 
10,605 
15,231 
 
247 
201 
2,951 
1,923 
 
228 
209 
7,654 
13,308 
974 
953 
47,453 
37,662 
 
1,356 
1,498 
4,414 
4,264 
787 
647 
2,212 
2,080 
1,069 
1,370 
4,497 
4,537 
311 
261 
2,951 
2,333 
 
92 
78 
1,121 
599 
197 
124 
952 
657 
 
289 
280 
1,563 
2,191 
 
69 
42 
107 
126 
 
433 
393 
3,391 
3,309 
 
316 
310 
2,868 
2,642 
229 
234 
523 
667 
1,323 
1,410 
1,089 
947 
 
696 
657 
2,604 
6,525 
 
582 
630 
7,986 
6,411 
394 
470 
11,932 
19,197 
30,284 
40,845 
 
 
193 
235 
490 
491 
158 
172 
198 
82 
115 
128 
89 
332 
 
 
105 
81 
3,152 
(D) 
 
65 
39 
200 
163 
 
55 
55 
2,952 
(D) 
285 
308 
3,487 
(D) 
 
375 
464 
733 
909 
214 
193 
377 
504 
292 
412 
624 
866 
80 
68 
1,198 
(D) 
 
38 
27 
106 
266 
23 
24 
59 
33 
 
81 
53 
111 
117 
 
18 
16 
29 
44 
 
62 
61 
519 
681 
 
45 
47 
417 
514 
37 
47 
102 
166 
359 
389 
426 
420 
 
149 
204 
334 
470 
 
125 
117 
667 
1,002 
353 
422 
8,583 
6,905 
24,315 
16,362 
 
 
187 
234 
600 
565 
130 
106 
132 
109 
93 
118 
175 
184 
 
 
70 
76 
596 
465 
 
40 
44 
138 
130 
 
33 
36 
458 
336 
218 
240 
3,474 
2,541 
 
343 
403 
696 
531 
173 
138 
198 
133 
271 
372 
713 
868 
68 
67 
678 
228 
 
16 
15 
101 
29 
27 
25 
55 
30 
 
73 
65 
192 
105 
 
9 
11 
10 
3 
 
79 
80 
236 
484 
 
50 
54 
196 
369 
38 
50 
40 
115 
335 
381 
310 
261 
 
132 
136 
418 
369 
 
109 
115 
922 
602 
1,466 
1,697 
69,820 
44,227 
47,626 
26,062 
 
 
758 
986 
11,323 
6,130 
580 
554 
4,494 
2,161 
428 
436 
4,825 
2,146 
 
 
377 
366 
4,954 
4,333 
 
266 
211 
3,109 
1,872 
 
138 
198 
1,845 
2,462 
1,057 
1,040 
19,476 
10,562 
 
1,406 
1,662 
3,800 
2,856 
729 
587 
1,429 
840 
1,147 
1,575 
4,282 
3,429 
312 
284 
2,996 
2,114 
 
117 
100 
614 
288 
175 
166 
753 
339 
 
296 
275 
3,295 
2,032 
 
38 
36 
493 
139 
 
481 
384 
3,410 
2,783 
 
369 
322 
2,710 
2,154 
279 
211 
700 
629 
1,420 
1,548 
1,372 
1,339 
 
623 
690 
2,304 
2,737 
 
558 
600 
7,346 
5,246 
 
--continued 

--- PAGE 6 ---
  
2012 Census of Agriculture  - County Data 
Alabama 273  
USDA, National Agricultural Statistics Service 
Table 3.   Farm Production Expenses:  2012 and 2007  (continued) 
 [For meaning of abbreviations and symbols, see introductory text.] 
Item 
Lawrence 
Lee 
Limestone 
Lowndes 
Macon 
Madison 
Marengo 
Total farm production expenses  .................................. farms, 2012 
 
2007 
 
$1,000, 2012 
 
2007 
        Average per farm ................................................dollars, 2012 
 
2007 
 
    Fertilizer, lime, and soil conditioners 
      purchased  ............................................................. farms, 2012 
 
2007 
 
$1,000, 2012 
 
2007 
    Chemicals purchased  
.............................................. farms, 2012 
 
2007 
 
$1,000, 2012 
 
2007 
    Seeds, plants, vines, and trees purchased .............. farms, 2012 
 
2007 
 
$1,000, 2012 
 
2007 
 
    Livestock and poultry purchased or 
      leased .................................................................... farms, 2012 
 
2007 
 
$1,000, 2012 
 
2007 
        Breeding livestock purchased or 
          leased  
................................................................ farms, 2012 
 
2007 
 
$1,000, 2012 
 
2007 
        Other livestock and poultry purchased or 
          leased  
................................................................ farms, 2012 
 
2007 
 
$1,000, 2012 
 
2007 
    Feed purchased  ...................................................... farms, 2012 
 
2007 
 
$1,000, 2012 
 
2007 
 
    Gasoline, fuels, and oils purchased  ........................ farms, 2012 
 
2007 
 
$1,000, 2012 
 
2007 
    Utilities ..................................................................... farms, 2012 
 
2007 
 
$1,000, 2012 
 
2007 
    Repairs, supplies, and maintenance costs  
.............. farms, 2012 
 
2007 
 
$1,000, 2012 
 
2007 
    Hired farm labor  ...................................................... farms, 2012 
 
2007 
 
$1,000, 2012 
 
2007 
 
    Contract labor  
.......................................................... farms, 2012 
 
2007 
 
$1,000, 2012 
 
2007 
    Customwork and custom hauling  ............................ farms, 2012 
 
2007 
 
$1,000, 2012 
 
2007 
    Cash rent for land, buildings, 
      and grazing fees  
.................................................... farms, 2012 
 
2007 
 
$1,000, 2012 
 
2007 
    Rent and lease expenses for machinery, 
      equipment, and farm share of vehicles .................. farms, 2012 
 
2007 
 
$1,000, 2012 
 
2007 
 
    Interest expense  
...................................................... farms, 2012 
 
2007 
 
$1,000, 2012 
 
2007 
 
        Secured by real estate  ........................................ farms, 2012 
 
2007 
 
$1,000, 2012 
 
2007 
        Not secured by real estate  .................................. farms, 2012 
 
2007 
 
$1,000, 2012 
 
2007 
    Property taxes paid  ................................................. farms, 2012 
 
2007 
 
$1,000, 2012 
 
2007 
 
    All other production expenses (see text)  ................. farms, 2012 
 
2007 
 
$1,000, 2012 
 
2007 
 
Depreciation expenses claimed (see text) ................... farms, 2012 
 
2007 
 
$1,000, 2012 
 
2007 
1,551 
1,601 
173,798 
131,863 
112,055 
82,363 
 
 
695 
795 
12,367 
6,199 
653 
548 
8,222 
3,572 
387 
389 
8,634 
3,949 
 
 
479 
422 
17,885 
25,346 
 
272 
231 
1,928 
1,511 
 
272 
249 
15,956 
23,835 
1,084 
973 
75,783 
56,053 
 
1,484 
1,570 
7,417 
4,450 
914 
741 
6,095 
2,898 
1,216 
1,476 
7,595 
4,757 
374 
286 
5,534 
3,287 
 
103 
84 
773 
210 
326 
144 
1,589 
684 
 
347 
265 
7,454 
3,003 
 
75 
57 
2,614 
1,314 
 
489 
367 
4,682 
4,104 
 
361 
283 
3,180 
3,145 
285 
217 
1,501 
959 
1,502 
1,422 
1,509 
1,160 
 
763 
647 
5,645 
10,876 
 
695 
547 
10,062 
7,468 
315 
356 
25,729 
31,159 
81,679 
87,525 
 
 
180 
212 
3,152 
2,778 
167 
131 
1,738 
1,307 
107 
103 
3,201 
(D) 
 
 
71 
77 
(D) 
516 
 
37 
47 
(D) 
211 
 
43 
45 
168 
304 
220 
237 
1,863 
1,468 
 
309 
356 
1,791 
1,745 
186 
170 
1,496 
1,215 
252 
320 
5,077 
4,941 
86 
74 
1,743 
(D) 
 
23 
19 
409 
75 
37 
35 
99 
38 
 
58 
65 
401 
167 
 
8 
12 
(D) 
(D) 
 
74 
77 
899 
912 
 
60 
52 
824 
775 
41 
49 
75 
137 
302 
319 
446 
532 
 
170 
167 
2,564 
2,654 
 
142 
133 
4,226 
3,941 
1,230 
1,352 
103,734 
74,038 
84,337 
54,762 
 
 
612 
721 
15,308 
10,246 
579 
521 
9,859 
4,713 
381 
343 
10,282 
6,055 
 
 
323 
261 
5,703 
6,333 
 
214 
142 
1,767 
954 
 
141 
147 
3,936 
5,379 
797 
757 
24,193 
15,560 
 
1,192 
1,338 
5,781 
4,695 
720 
543 
2,434 
1,390 
976 
1,244 
5,482 
4,422 
280 
257 
6,033 
6,712 
 
112 
85 
488 
314 
223 
160 
1,965 
594 
 
285 
219 
7,033 
3,469 
 
52 
64 
1,069 
852 
 
421 
325 
3,100 
2,610 
 
337 
236 
2,354 
1,690 
227 
179 
746 
919 
1,174 
1,234 
1,037 
1,073 
 
571 
568 
3,967 
5,000 
 
541 
609 
8,564 
6,731 
441 
405 
67,024 
51,164 
151,981 
126,330 
 
 
179 
200 
1,936 
1,607 
167 
125 
1,538 
660 
129 
113 
1,187 
632 
 
 
124 
104 
13,738 
12,745 
 
90 
59 
769 
521 
 
53 
60 
12,969 
12,224 
334 
256 
29,304 
19,942 
 
420 
390 
3,226 
2,021 
243 
188 
1,290 
849 
346 
351 
2,123 
1,941 
137 
108 
3,821 
1,865 
 
45 
32 
461 
187 
67 
53 
1,515 
579 
 
124 
112 
1,844 
1,312 
 
16 
18 
47 
76 
 
146 
115 
1,800 
2,088 
 
116 
90 
1,329 
1,361 
74 
81 
471 
727 
407 
365 
761 
655 
 
197 
186 
2,433 
4,006 
 
174 
161 
3,729 
3,258 
352 
385 
18,907 
15,620 
53,714 
40,571 
 
 
170 
224 
2,105 
1,834 
145 
126 
1,091 
962 
126 
134 
1,235 
(D) 
 
 
77 
59 
258 
324 
 
51 
32 
165 
126 
 
39 
38 
93 
198 
220 
216 
1,389 
(D) 
 
332 
372 
1,481 
1,146 
215 
159 
666 
545 
274 
352 
1,791 
1,497 
111 
78 
4,476 
3,355 
 
39 
20 
430 
304 
45 
48 
290 
127 
 
82 
57 
1,331 
453 
 
7 
12 
76 
19 
 
121 
97 
1,008 
1,041 
 
81 
72 
838 
837 
69 
62 
171 
203 
326 
347 
527 
445 
 
162 
149 
751 
1,143 
 
118 
136 
1,887 
1,915 
1,033 
1,187 
67,069 
44,631 
64,927 
37,600 
 
 
601 
691 
13,260 
7,557 
561 
500 
7,918 
4,286 
427 
403 
7,246 
3,805 
 
 
222 
215 
1,266 
1,354 
 
128 
112 
633 
795 
 
115 
122 
632 
559 
669 
700 
6,585 
3,909 
 
1,012 
1,168 
4,606 
3,532 
629 
490 
992 
793 
843 
1,067 
4,830 
4,723 
271 
218 
4,753 
3,965 
 
105 
88 
654 
444 
159 
113 
1,002 
464 
 
237 
224 
4,643 
2,589 
 
74 
55 
1,056 
488 
 
304 
233 
2,676 
2,754 
 
219 
181 
1,897 
1,983 
146 
111 
779 
772 
968 
1,046 
1,048 
1,113 
 
503 
508 
4,537 
2,855 
 
465 
482 
7,602 
5,031 
499 
555 
20,348 
16,549 
40,778 
29,818 
 
 
245 
261 
1,369 
1,221 
181 
140 
319 
621 
139 
136 
732 
310 
 
 
133 
96 
1,551 
(D) 
 
84 
54 
946 
(D) 
 
71 
53 
605 
569 
346 
327 
5,617 
4,084 
 
479 
538 
1,614 
1,314 
284 
212 
494 
399 
398 
503 
1,892 
1,993 
149 
129 
1,815 
(D) 
 
33 
36 
104 
120 
55 
52 
174 
434 
 
132 
137 
1,366 
753 
 
22 
18 
47 
46 
 
192 
140 
1,929 
1,409 
 
137 
100 
1,583 
975 
106 
88 
346 
434 
461 
481 
549 
518 
 
225 
203 
776 
529 
 
203 
213 
1,855 
2,040 
 
--continued 

--- PAGE 7 ---
  
274 Alabama  
2012 Census of Agriculture - County Data  
 
USDA, National Agricultural Statistics Service 
Table 3.   Farm Production Expenses:  2012 and 2007  (continued) 
 [For meaning of abbreviations and symbols, see introductory text.] 
Item 
Marion 
Marshall 
Mobile 
Monroe 
Montgomery 
Morgan 
Perry 
Total farm production expenses  .................................. 
farms, 2012 
 
2007 
 
$1,000, 2012 
 
2007 
        Average per farm  
............................................... dollars, 2012 
 
2007 
 
    Fertilizer, lime, and soil conditioners 
      purchased  
.............................................................. 
farms, 2012 
 
2007 
 
$1,000, 2012 
 
2007 
    Chemicals purchased  .............................................. 
farms, 2012 
 
2007 
 
$1,000, 2012 
 
2007 
    Seeds, plants, vines, and trees purchased  
.............. 
farms, 2012 
 
2007 
 
$1,000, 2012 
 
2007 
 
    Livestock and poultry purchased or 
      leased  
.................................................................... 
farms, 2012 
 
2007 
 
$1,000, 2012 
 
2007 
        Breeding livestock purchased or 
          leased  ................................................................ 
farms, 2012 
 
2007 
 
$1,000, 2012 
 
2007 
        Other livestock and poultry purchased or 
          leased  ................................................................ 
farms, 2012 
 
2007 
 
$1,000, 2012 
 
2007 
    Feed purchased  
....................................................... 
farms, 2012 
 
2007 
 
$1,000, 2012 
 
2007 
 
    Gasoline, fuels, and oils purchased  
......................... 
farms, 2012 
 
2007 
 
$1,000, 2012 
 
2007 
    Utilities  
..................................................................... 
farms, 2012 
 
2007 
 
$1,000, 2012 
 
2007 
    Repairs, supplies, and maintenance costs  .............. 
farms, 2012 
 
2007 
 
$1,000, 2012 
 
2007 
    Hired farm labor  
....................................................... 
farms, 2012 
 
2007 
 
$1,000, 2012 
 
2007 
 
    Contract labor  .......................................................... 
farms, 2012 
 
2007 
 
$1,000, 2012 
 
2007 
    Customwork and custom hauling  
............................. 
farms, 2012 
 
2007 
 
$1,000, 2012 
 
2007 
    Cash rent for land, buildings, 
      and grazing fees  .................................................... 
farms, 2012 
 
2007 
 
$1,000, 2012 
 
2007 
    Rent and lease expenses for machinery, 
      equipment, and farm share of vehicles  
.................. 
farms, 2012 
 
2007 
 
$1,000, 2012 
 
2007 
 
    Interest expense  ...................................................... 
farms, 2012 
 
2007 
 
$1,000, 2012 
 
2007 
 
        Secured by real estate  
......................................... 
farms, 2012 
 
2007 
 
$1,000, 2012 
 
2007 
        Not secured by real estate  
................................... 
farms, 2012 
 
2007 
 
$1,000, 2012 
 
2007 
    Property taxes paid  
.................................................. 
farms, 2012 
 
2007 
 
$1,000, 2012 
 
2007 
 
    All other production expenses (see text) .................. 
farms, 2012 
 
2007 
 
$1,000, 2012 
 
2007 
 
Depreciation expenses claimed (see text)  
................... 
farms, 2012 
 
2007 
 
$1,000, 2012 
 
2007 
715 
787 
83,621 
58,875 
116,953 
74,810 
 
 
356 
432 
1,137 
1,274 
347 
283 
463 
317 
183 
197 
461 
395 
 
 
213 
183 
11,637 
8,402 
 
102 
82 
750 
897 
 
138 
118 
10,887 
7,505 
525 
482 
55,893 
33,984 
 
702 
772 
2,001 
2,030 
407 
315 
2,198 
1,022 
554 
737 
2,211 
2,344 
156 
116 
976 
797 
 
74 
53 
427 
182 
122 
69 
936 
132 
 
121 
85 
602 
276 
 
19 
12 
31 
14 
 
233 
179 
2,525 
1,954 
 
187 
149 
2,298 
1,626 
119 
96 
227 
328 
683 
726 
568 
467 
 
303 
302 
1,555 
5,285 
 
287 
297 
2,720 
3,026 
1,505 
1,731 
215,491 
203,489 
143,183 
117,556 
 
 
830 
1,072 
2,967 
3,068 
847 
888 
1,366 
1,114 
346 
393 
1,071 
1,045 
 
 
488 
557 
54,666 
53,075 
 
277 
267 
2,561 
1,343 
 
290 
351 
52,104 
51,733 
1,202 
1,225 
113,576 
94,708 
 
1,476 
1,698 
5,293 
6,719 
958 
921 
6,121 
5,455 
1,239 
1,591 
6,174 
6,196 
386 
354 
6,581 
5,659 
 
139 
132 
791 
852 
309 
205 
2,788 
509 
 
301 
316 
2,688 
1,394 
 
64 
64 
110 
650 
 
478 
489 
5,883 
5,089 
 
411 
412 
5,217 
4,391 
226 
258 
665 
698 
1,459 
1,571 
1,626 
1,332 
 
759 
825 
3,791 
16,623 
 
726 
791 
10,006 
9,363 
698 
876 
61,452 
66,035 
88,041 
75,382 
 
 
442 
606 
7,081 
7,008 
389 
429 
7,963 
3,034 
344 
336 
5,255 
8,254 
 
 
166 
165 
760 
921 
 
93 
101 
347 
295 
 
91 
93 
413 
626 
443 
488 
4,519 
2,890 
 
684 
860 
3,037 
3,081 
447 
422 
1,605 
1,781 
599 
803 
4,457 
5,417 
193 
188 
15,677 
19,757 
 
97 
76 
1,259 
2,681 
57 
68 
1,058 
434 
 
75 
105 
1,420 
1,852 
 
22 
37 
950 
669 
 
208 
191 
2,512 
2,424 
 
152 
155 
1,966 
1,636 
125 
100 
546 
788 
672 
804 
1,102 
1,146 
 
318 
367 
2,796 
4,686 
 
293 
337 
5,880 
5,604 
480 
505 
39,069 
22,145 
81,394 
43,852 
 
 
298 
343 
4,969 
3,122 
225 
232 
6,494 
2,331 
202 
209 
4,026 
1,825 
 
 
53 
75 
1,660 
966 
 
34 
46 
262 
188 
 
25 
37 
1,397 
778 
282 
250 
7,262 
4,371 
 
448 
492 
2,594 
1,639 
264 
194 
602 
361 
325 
460 
2,759 
1,796 
128 
91 
1,444 
(D) 
 
42 
43 
323 
129 
69 
47 
915 
337 
 
155 
144 
2,475 
1,291 
 
34 
15 
186 
(D) 
 
127 
107 
1,462 
1,099 
 
77 
72 
1,038 
573 
97 
68 
424 
526 
441 
443 
604 
459 
 
209 
180 
1,294 
1,311 
 
174 
140 
3,915 
1,768 
603 
620 
71,292 
38,581 
118,228 
62,228 
 
 
236 
277 
1,889 
1,838 
213 
193 
888 
466 
149 
151 
1,834 
479 
 
 
170 
135 
20,663 
6,730 
 
102 
77 
740 
688 
 
79 
74 
19,923 
6,042 
461 
423 
25,039 
10,255 
 
574 
604 
2,526 
2,243 
399 
297 
1,207 
996 
482 
551 
2,354 
2,486 
187 
178 
5,215 
5,383 
 
79 
53 
660 
282 
112 
76 
958 
312 
 
175 
143 
1,744 
813 
 
33 
24 
136 
129 
 
197 
139 
2,425 
1,969 
 
143 
96 
1,629 
1,122 
110 
96 
796 
847 
541 
530 
757 
894 
 
321 
291 
2,997 
3,307 
 
269 
246 
3,151 
3,646 
1,237 
1,457 
95,475 
87,725 
77,183 
60,210 
 
 
635 
845 
4,046 
3,196 
614 
587 
1,526 
855 
333 
423 
2,061 
980 
 
 
364 
355 
14,941 
16,597 
 
206 
182 
1,094 
817 
 
201 
225 
13,847 
15,780 
946 
972 
48,122 
38,803 
 
1,197 
1,427 
3,443 
3,291 
729 
671 
2,782 
2,121 
997 
1,322 
3,929 
5,394 
242 
233 
4,189 
3,041 
 
101 
107 
671 
379 
203 
151 
896 
577 
 
282 
257 
1,766 
849 
 
33 
48 
61 
88 
 
325 
311 
3,010 
2,932 
 
223 
269 
2,637 
2,439 
187 
155 
373 
493 
1,163 
1,330 
1,045 
1,003 
 
612 
660 
2,988 
7,619 
 
484 
600 
5,810 
5,253 
389 
390 
29,131 
18,452 
74,887 
47,312 
 
 
159 
197 
1,953 
1,076 
130 
132 
1,202 
407 
125 
129 
1,545 
388 
 
 
84 
68 
1,182 
1,932 
 
57 
37 
447 
659 
 
41 
42 
735 
1,272 
237 
232 
9,874 
4,970 
 
357 
377 
1,898 
1,208 
238 
184 
920 
806 
291 
344 
1,843 
1,306 
139 
118 
2,550 
1,896 
 
49 
48 
458 
406 
51 
41 
268 
296 
 
99 
78 
1,094 
572 
 
28 
14 
121 
57 
 
155 
97 
1,633 
1,459 
 
124 
77 
1,273 
1,159 
77 
55 
360 
301 
351 
346 
587 
567 
 
169 
165 
2,003 
1,106 
 
153 
145 
2,638 
1,871 
 
--continued 

--- PAGE 8 ---
  
2012 Census of Agriculture  - County Data 
Alabama 275  
USDA, National Agricultural Statistics Service 
Table 3.   Farm Production Expenses:  2012 and 2007  (continued) 
 [For meaning of abbreviations and symbols, see introductory text.] 
Item 
Pickens 
Pike 
Randolph 
Russell 
St. Clair 
Shelby 
Sumter 
Total farm production expenses  .................................. farms, 2012 
 
2007 
 
$1,000, 2012 
 
2007 
        Average per farm ................................................dollars, 2012 
 
2007 
 
    Fertilizer, lime, and soil conditioners 
      purchased  ............................................................. farms, 2012 
 
2007 
 
$1,000, 2012 
 
2007 
    Chemicals purchased  
.............................................. farms, 2012 
 
2007 
 
$1,000, 2012 
 
2007 
    Seeds, plants, vines, and trees purchased .............. farms, 2012 
 
2007 
 
$1,000, 2012 
 
2007 
 
    Livestock and poultry purchased or 
      leased .................................................................... farms, 2012 
 
2007 
 
$1,000, 2012 
 
2007 
        Breeding livestock purchased or 
          leased  
................................................................ farms, 2012 
 
2007 
 
$1,000, 2012 
 
2007 
        Other livestock and poultry purchased or 
          leased  
................................................................ farms, 2012 
 
2007 
 
$1,000, 2012 
 
2007 
    Feed purchased  ...................................................... farms, 2012 
 
2007 
 
$1,000, 2012 
 
2007 
 
    Gasoline, fuels, and oils purchased  ........................ farms, 2012 
 
2007 
 
$1,000, 2012 
 
2007 
    Utilities ..................................................................... farms, 2012 
 
2007 
 
$1,000, 2012 
 
2007 
    Repairs, supplies, and maintenance costs  
.............. farms, 2012 
 
2007 
 
$1,000, 2012 
 
2007 
    Hired farm labor  ...................................................... farms, 2012 
 
2007 
 
$1,000, 2012 
 
2007 
 
    Contract labor  
.......................................................... farms, 2012 
 
2007 
 
$1,000, 2012 
 
2007 
    Customwork and custom hauling  ............................ farms, 2012 
 
2007 
 
$1,000, 2012 
 
2007 
    Cash rent for land, buildings, 
      and grazing fees  
.................................................... farms, 2012 
 
2007 
 
$1,000, 2012 
 
2007 
    Rent and lease expenses for machinery, 
      equipment, and farm share of vehicles .................. farms, 2012 
 
2007 
 
$1,000, 2012 
 
2007 
 
    Interest expense  
...................................................... farms, 2012 
 
2007 
 
$1,000, 2012 
 
2007 
 
        Secured by real estate  ........................................ farms, 2012 
 
2007 
 
$1,000, 2012 
 
2007 
        Not secured by real estate  .................................. farms, 2012 
 
2007 
 
$1,000, 2012 
 
2007 
    Property taxes paid  ................................................. farms, 2012 
 
2007 
 
$1,000, 2012 
 
2007 
 
    All other production expenses (see text)  ................. farms, 2012 
 
2007 
 
$1,000, 2012 
 
2007 
 
Depreciation expenses claimed (see text) ................... farms, 2012 
 
2007 
 
$1,000, 2012 
 
2007 
433 
503 
97,833 
94,516 
225,943 
187,904 
 
 
214 
269 
1,511 
843 
172 
178 
706 
350 
116 
149 
552 
278 
 
 
148 
156 
24,797 
29,037 
 
62 
50 
1,329 
805 
 
101 
126 
23,469 
28,231 
321 
328 
54,639 
44,839 
 
415 
496 
2,602 
2,207 
283 
259 
2,475 
1,947 
342 
475 
2,640 
2,264 
140 
107 
2,671 
2,547 
 
29 
33 
390 
289 
117 
51 
812 
172 
 
78 
74 
429 
715 
 
18 
13 
23 
182 
 
128 
167 
1,588 
1,836 
 
118 
142 
1,388 
1,519 
55 
100 
200 
317 
427 
472 
484 
553 
 
213 
218 
1,512 
6,457 
 
200 
211 
3,603 
4,058 
600 
709 
108,050 
96,124 
180,084 
135,577 
 
 
303 
394 
2,535 
2,440 
254 
274 
1,003 
999 
185 
221 
1,040 
843 
 
 
192 
177 
24,366 
23,610 
 
125 
98 
2,145 
792 
 
105 
114 
22,221 
22,818 
399 
366 
57,637 
42,773 
 
558 
699 
2,832 
3,328 
389 
319 
2,362 
2,247 
500 
648 
3,155 
3,340 
189 
148 
3,892 
2,820 
 
54 
49 
993 
749 
156 
89 
1,004 
390 
 
126 
109 
1,290 
1,176 
 
31 
35 
514 
152 
 
242 
202 
2,943 
2,844 
 
184 
167 
2,506 
2,366 
123 
103 
437 
478 
569 
639 
711 
652 
 
271 
311 
1,774 
7,760 
 
278 
281 
5,433 
4,361 
611 
610 
96,555 
64,481 
158,028 
105,706 
 
 
346 
369 
1,842 
1,425 
317 
256 
443 
245 
195 
149 
248 
164 
 
 
227 
191 
12,990 
12,197 
 
147 
110 
3,351 
3,064 
 
107 
97 
9,639 
9,133 
500 
440 
65,718 
34,724 
 
606 
602 
2,646 
1,955 
357 
280 
1,969 
1,412 
479 
570 
2,497 
1,838 
149 
139 
1,627 
825 
 
43 
41 
257 
226 
108 
62 
801 
135 
 
138 
89 
766 
481 
 
15 
15 
20 
19 
 
212 
176 
2,740 
2,837 
 
175 
151 
2,471 
2,337 
102 
92 
268 
500 
587 
560 
729 
634 
 
304 
279 
1,262 
5,364 
 
242 
273 
4,029 
4,082 
280 
303 
21,927 
12,266 
78,311 
40,481 
 
 
139 
173 
1,995 
1,178 
117 
111 
1,662 
938 
104 
81 
1,100 
403 
 
 
77 
55 
1,144 
212 
 
39 
31 
169 
72 
 
47 
31 
974 
140 
186 
191 
4,869 
687 
 
274 
292 
1,957 
1,163 
171 
141 
533 
428 
227 
281 
2,057 
1,399 
96 
70 
3,093 
3,176 
 
23 
19 
113 
188 
40 
27 
421 
122 
 
46 
51 
518 
199 
 
17 
13 
227 
385 
 
98 
57 
1,066 
725 
 
79 
40 
869 
547 
40 
36 
197 
179 
269 
278 
467 
379 
 
126 
109 
705 
681 
 
115 
100 
1,882 
1,241 
540 
621 
53,191 
49,896 
98,501 
80,348 
 
 
257 
349 
1,228 
1,159 
246 
259 
889 
696 
152 
186 
1,154 
434 
 
 
152 
148 
6,249 
6,248 
 
81 
67 
311 
309 
 
94 
94 
5,938 
5,940 
415 
433 
30,819 
26,709 
 
531 
610 
1,676 
1,956 
325 
300 
1,107 
1,160 
431 
559 
1,460 
2,672 
141 
111 
2,656 
1,573 
 
62 
49 
1,451 
590 
77 
30 
647 
63 
 
85 
72 
399 
380 
 
19 
31 
16 
59 
 
153 
138 
1,321 
1,340 
 
109 
112 
925 
1,113 
78 
76 
396 
227 
519 
568 
673 
581 
 
265 
309 
1,446 
4,276 
 
228 
243 
3,649 
3,061 
401 
474 
13,137 
12,978 
32,760 
27,380 
 
 
177 
239 
1,222 
1,015 
166 
164 
765 
395 
94 
121 
585 
674 
 
 
96 
109 
(D) 
390 
 
51 
67 
(D) 
235 
 
56 
47 
(D) 
155 
311 
311 
1,916 
1,766 
 
392 
468 
935 
1,099 
261 
242 
559 
398 
326 
438 
1,060 
1,459 
98 
98 
2,586 
2,539 
 
36 
47 
198 
168 
46 
40 
152 
52 
 
57 
74 
476 
423 
 
25 
24 
(D) 
125 
 
74 
108 
881 
974 
 
47 
81 
528 
754 
44 
63 
353 
220 
382 
422 
466 
436 
 
195 
200 
890 
1,066 
 
158 
205 
1,956 
1,468 
428 
431 
32,276 
17,829 
75,411 
41,367 
 
 
201 
181 
1,071 
799 
170 
110 
385 
151 
128 
109 
410 
139 
 
 
99 
68 
4,393 
4,337 
 
61 
46 
998 
564 
 
50 
36 
3,395 
3,772 
288 
249 
13,151 
5,537 
 
407 
413 
1,545 
1,011 
244 
152 
725 
501 
343 
384 
2,133 
1,311 
188 
134 
2,425 
1,149 
 
49 
33 
291 
65 
84 
52 
264 
177 
 
118 
93 
2,209 
326 
 
19 
17 
23 
32 
 
137 
103 
1,097 
1,026 
 
96 
70 
924 
767 
68 
72 
172 
258 
395 
381 
799 
401 
 
184 
146 
1,355 
868 
 
164 
161 
2,310 
1,669 
 
--continued 

--- PAGE 9 ---
  
276 Alabama  
2012 Census of Agriculture - County Data  
 
USDA, National Agricultural Statistics Service 
Table 3.   Farm Production Expenses:  2012 and 2007  (continued) 
 [For meaning of abbreviations and symbols, see introductory text.] 
Item 
Talladega 
Tallapoosa 
Tuscaloosa 
Walker 
Washington 
Wilcox 
Winston 
Total farm production expenses  .................................. 
farms, 2012 
 
2007 
 
$1,000, 2012 
 
2007 
        Average per farm  
............................................... dollars, 2012 
 
2007 
 
    Fertilizer, lime, and soil conditioners 
      purchased  
.............................................................. 
farms, 2012 
 
2007 
 
$1,000, 2012 
 
2007 
    Chemicals purchased  .............................................. 
farms, 2012 
 
2007 
 
$1,000, 2012 
 
2007 
    Seeds, plants, vines, and trees purchased  
.............. 
farms, 2012 
 
2007 
 
$1,000, 2012 
 
2007 
 
    Livestock and poultry purchased or 
      leased  
.................................................................... 
farms, 2012 
 
2007 
 
$1,000, 2012 
 
2007 
        Breeding livestock purchased or 
          leased  ................................................................ 
farms, 2012 
 
2007 
 
$1,000, 2012 
 
2007 
        Other livestock and poultry purchased or 
          leased  ................................................................ 
farms, 2012 
 
2007 
 
$1,000, 2012 
 
2007 
    Feed purchased  
....................................................... 
farms, 2012 
 
2007 
 
$1,000, 2012 
 
2007 
 
    Gasoline, fuels, and oils purchased  
......................... 
farms, 2012 
 
2007 
 
$1,000, 2012 
 
2007 
    Utilities  
..................................................................... 
farms, 2012 
 
2007 
 
$1,000, 2012 
 
2007 
    Repairs, supplies, and maintenance costs  .............. 
farms, 2012 
 
2007 
 
$1,000, 2012 
 
2007 
    Hired farm labor  
....................................................... 
farms, 2012 
 
2007 
 
$1,000, 2012 
 
2007 
 
    Contract labor  .......................................................... 
farms, 2012 
 
2007 
 
$1,000, 2012 
 
2007 
    Customwork and custom hauling  
............................. 
farms, 2012 
 
2007 
 
$1,000, 2012 
 
2007 
    Cash rent for land, buildings, 
      and grazing fees  .................................................... 
farms, 2012 
 
2007 
 
$1,000, 2012 
 
2007 
    Rent and lease expenses for machinery, 
      equipment, and farm share of vehicles  
.................. 
farms, 2012 
 
2007 
 
$1,000, 2012 
 
2007 
 
    Interest expense  ...................................................... 
farms, 2012 
 
2007 
 
$1,000, 2012 
 
2007 
 
        Secured by real estate  
......................................... 
farms, 2012 
 
2007 
 
$1,000, 2012 
 
2007 
        Not secured by real estate  
................................... 
farms, 2012 
 
2007 
 
$1,000, 2012 
 
2007 
    Property taxes paid  
.................................................. 
farms, 2012 
 
2007 
 
$1,000, 2012 
 
2007 
 
    All other production expenses (see text) .................. 
farms, 2012 
 
2007 
 
$1,000, 2012 
 
2007 
 
Depreciation expenses claimed (see text)  
................... 
farms, 2012 
 
2007 
 
$1,000, 2012 
 
2007 
519 
625 
33,682 
29,232 
64,898 
46,771 
 
 
286 
322 
3,520 
2,838 
250 
213 
1,324 
984 
164 
180 
1,649 
1,302 
 
 
124 
143 
4,045 
6,435 
 
86 
86 
467 
620 
 
54 
66 
3,578 
5,814 
401 
423 
10,933 
6,778 
 
510 
617 
1,619 
1,678 
311 
288 
853 
633 
412 
582 
1,717 
2,131 
130 
127 
2,601 
1,971 
 
39 
53 
294 
268 
49 
75 
477 
181 
 
124 
94 
933 
498 
 
23 
25 
563 
228 
 
125 
140 
1,187 
1,160 
 
95 
114 
868 
988 
76 
73 
320 
172 
494 
577 
489 
629 
 
236 
252 
1,480 
1,519 
 
229 
254 
2,795 
2,782 
345 
377 
10,626 
7,945 
30,801 
21,074 
 
 
187 
198 
659 
551 
152 
104 
365 
179 
105 
85 
492 
158 
 
 
79 
69 
880 
562 
 
47 
31 
180 
182 
 
42 
43 
700 
381 
252 
260 
4,199 
2,695 
 
330 
366 
690 
598 
201 
162 
328 
224 
279 
344 
592 
835 
80 
58 
376 
330 
 
28 
35 
129 
129 
30 
24 
239 
116 
 
47 
34 
263 
110 
 
7 
11 
8 
12 
 
86 
75 
765 
566 
 
71 
53 
683 
468 
40 
44 
82 
98 
336 
359 
307 
291 
 
152 
161 
334 
589 
 
140 
155 
1,171 
1,504 
497 
613 
25,284 
24,880 
50,874 
40,587 
 
 
253 
360 
1,791 
1,544 
220 
225 
527 
417 
175 
190 
1,141 
872 
 
 
124 
136 
2,363 
2,130 
 
61 
79 
703 
405 
 
77 
75 
1,661 
1,725 
324 
365 
11,287 
9,120 
 
491 
605 
1,326 
1,828 
305 
284 
743 
731 
416 
565 
1,211 
1,865 
114 
111 
1,666 
1,594 
 
24 
35 
109 
210 
40 
47 
208 
127 
 
88 
89 
615 
771 
 
18 
27 
77 
94 
 
120 
127 
926 
1,324 
 
101 
93 
807 
1,107 
54 
73 
119 
217 
468 
539 
423 
490 
 
219 
245 
871 
1,764 
 
207 
263 
1,700 
2,452 
482 
629 
28,914 
44,835 
59,987 
71,279 
 
 
248 
334 
666 
632 
231 
224 
219 
136 
142 
148 
214 
121 
 
 
129 
197 
3,657 
8,443 
 
59 
77 
484 
386 
 
89 
146 
3,173 
8,056 
382 
455 
17,860 
23,500 
 
478 
621 
1,011 
1,925 
252 
290 
728 
1,167 
356 
577 
873 
1,680 
75 
95 
680 
1,493 
 
27 
32 
228 
153 
60 
41 
340 
100 
 
77 
63 
195 
159 
 
25 
19 
32 
70 
 
107 
124 
621 
919 
 
77 
91 
491 
722 
57 
73 
130 
196 
463 
575 
338 
395 
 
216 
274 
1,254 
3,943 
 
190 
325 
2,130 
2,186 
371 
473 
26,914 
27,642 
72,544 
58,440 
 
 
240 
331 
1,319 
1,070 
174 
206 
934 
416 
167 
204 
593 
250 
 
 
101 
147 
3,098 
5,551 
 
62 
95 
961 
1,115 
 
64 
71 
2,137 
4,436 
272 
314 
12,088 
11,481 
 
359 
457 
1,188 
1,064 
235 
227 
1,651 
854 
272 
428 
2,234 
1,652 
77 
78 
417 
1,284 
 
36 
39 
275 
153 
47 
47 
273 
56 
 
48 
75 
450 
356 
 
5 
12 
36 
38 
 
103 
96 
977 
1,007 
 
83 
71 
790 
903 
47 
52 
188 
104 
365 
455 
361 
317 
 
150 
210 
1,019 
2,091 
 
169 
197 
1,994 
2,025 
316 
368 
8,821 
9,427 
27,915 
25,617 
 
 
152 
190 
744 
1,003 
117 
106 
239 
299 
131 
122 
316 
407 
 
 
72 
71 
479 
787 
 
48 
40 
222 
150 
 
31 
38 
257 
637 
214 
196 
1,634 
1,526 
 
299 
356 
925 
1,018 
182 
143 
314 
183 
248 
329 
863 
1,182 
117 
88 
966 
586 
 
18 
39 
48 
108 
49 
42 
121 
161 
 
70 
61 
297 
378 
 
17 
16 
30 
28 
 
84 
60 
892 
842 
 
53 
45 
791 
668 
56 
40 
101 
174 
303 
338 
425 
501 
 
143 
129 
527 
418 
 
111 
100 
1,196 
1,734 
520 
626 
45,234 
55,048 
86,989 
87,936 
 
 
278 
408 
834 
971 
266 
285 
175 
143 
116 
135 
130 
89 
 
 
176 
232 
6,273 
8,480 
 
89 
87 
1,074 
984 
 
109 
175 
5,199 
7,495 
436 
495 
29,283 
30,659 
 
515 
616 
1,535 
2,375 
298 
325 
1,071 
1,610 
440 
569 
1,315 
2,781 
87 
103 
1,015 
1,110 
 
42 
52 
181 
188 
106 
54 
416 
63 
 
84 
83 
214 
309 
 
23 
14 
24 
15 
 
193 
169 
1,077 
1,145 
 
153 
130 
931 
895 
87 
97 
146 
251 
489 
577 
303 
304 
 
272 
319 
1,388 
4,805 
 
235 
240 
1,640 
2,351 
